5.36480E-02	5.36390E-02
2.14560E-01	2.14430E-01
4.82630E-01	4.81970E-01
8.57710E-01	8.55550E-01
1.33960E+00	1.33390E+00
1.92790E+00	1.91480E+00
2.62240E+00	2.59390E+00
3.42260E+00	3.36320E+00
4.32800E+00	4.20950E+00
5.33810E+00	5.11330E+00
6.45230E+00	6.04930E+00
7.67000E+00	6.98920E+00
8.99020E+00	7.90520E+00
1.04120E+01	8.77410E+00
1.19360E+01	9.57900E+00
1.35590E+01	1.03110E+01
1.52810E+01	1.09670E+01
1.71020E+01	1.15500E+01
1.90190E+01	1.20660E+01
2.10330E+01	1.25200E+01
2.31410E+01	1.29210E+01
2.53420E+01	1.32760E+01
2.76350E+01	1.35900E+01
3.00190E+01	1.38700E+01
3.24920E+01	1.41210E+01
3.50530E+01	1.43490E+01
3.77010E+01	1.45570E+01
4.04320E+01	1.47500E+01
4.32470E+01	1.49310E+01
4.61430E+01	1.51010E+01
4.91180E+01	1.52640E+01
5.21710E+01	1.54190E+01
5.53000E+01	1.55690E+01
5.85030E+01	1.57140E+01
6.17780E+01	1.58550E+01
6.51230E+01	1.59930E+01
6.85360E+01	1.61280E+01
7.20160E+01	1.62600E+01
7.55590E+01	1.63890E+01
7.91640E+01	1.65150E+01
8.28280E+01	1.66370E+01
8.65500E+01	1.67560E+01
9.03270E+01	1.68720E+01
9.41570E+01	1.69850E+01
9.80370E+01	1.70940E+01
1.01970E+02	1.72000E+01
1.05940E+02	1.73020E+01
1.09960E+02	1.74000E+01
1.14020E+02	1.74940E+01
1.18120E+02	1.75850E+01
1.22250E+02	1.76720E+01
1.26420E+02	1.77560E+01
1.30620E+02	1.78350E+01
1.34840E+02	1.79110E+01
1.39100E+02	1.79810E+01
1.43370E+02	1.80450E+01
1.47670E+02	1.81030E+01
1.51990E+02	1.81540E+01
1.56320E+02	1.81980E+01
1.60660E+02	1.82350E+01
1.65020E+02	1.82640E+01
1.69380E+02	1.82850E+01
1.73750E+02	1.82970E+01
1.78120E+02	1.83010E+01
