0.00000000000000000	0.00000000000000000
0.02953500000000000	0.02953800000000000
0.11814000000000000	0.11811000000000000
0.26579000000000000	0.26562000000000000
0.47248000000000000	0.47198000000000000
0.73816000000000000	0.73701000000000000
1.06280000000000000	1.06050000000000000
1.44640000000000000	1.44170000000000000
1.88880000000000000	1.87990000000000000
2.39000000000000000	2.37290000000000000
2.94990000000000000	2.91770000000000000
3.56840000000000000	3.50930000000000000
4.24550000000000000	4.14090000000000000
4.98100000000000000	4.80320000000000000
5.77480000000000000	5.48540000000000000
6.62680000000000000	6.17540000000000000
7.53690000000000000	6.86110000000000000
8.50490000000000000	7.53090000000000000
9.53070000000000000	8.17540000000000000
10.61400000000000000	8.78700000000000000
11.75500000000000000	9.36070000000000000
12.95300000000000000	9.89370000000000000
14.20900000000000000	10.38500000000000000
15.52100000000000000	10.83600000000000000
16.89000000000000000	11.24800000000000000
18.31500000000000000	11.62400000000000000
19.79700000000000000	11.96600000000000000
21.33500000000000000	12.27800000000000000
22.92900000000000000	12.56300000000000000
24.57800000000000000	12.82200000000000000
26.28300000000000000	13.06000000000000000
28.04300000000000000	13.27800000000000000
29.85800000000000000	13.47900000000000000
31.72700000000000000	13.66400000000000000
33.65100000000000000	13.83700000000000000
35.62800000000000000	13.99800000000000000
37.66000000000000000	14.14800000000000000
39.74400000000000000	14.29000000000000000
41.88200000000000000	14.42500000000000000
44.07300000000000000	14.55200000000000000
46.31600000000000000	14.67300000000000000
48.61100000000000000	14.79000000000000000
50.95800000000000000	14.90200000000000000
53.35600000000000000	15.01100000000000000
55.80500000000000000	15.11700000000000000
58.30500000000000000	15.22100000000000000
60.85500000000000000	15.32200000000000000
63.45600000000000000	15.42100000000000000
66.10500000000000000	15.51800000000000000
68.80400000000000000	15.61400000000000000
71.55100000000000000	15.70700000000000000
74.34700000000000000	15.79900000000000000
77.19100000000000000	15.89000000000000000
80.08200000000000000	15.97900000000000000
83.02000000000000000	16.06700000000000000
86.00500000000000000	16.15300000000000000
89.03500000000000000	16.23900000000000000
92.11200000000000000	16.32400000000000000
95.23400000000000000	16.40900000000000000
98.40000000000000000	16.49300000000000000
101.61000000000000000	16.57600000000000000
104.86000000000000000	16.65900000000000000
108.16000000000000000	16.74100000000000000
111.50000000000000000	16.82300000000000000
114.89000000000000000	16.90300000000000000
118.31000000000000000	16.98400000000000000
121.78000000000000000	17.06300000000000000
125.28000000000000000	17.14100000000000000
128.83000000000000000	17.21800000000000000
132.42000000000000000	17.29400000000000000
136.04000000000000000	17.36900000000000000
139.71000000000000000	17.44300000000000000
143.41000000000000000	17.51700000000000000
147.15000000000000000	17.59000000000000000
150.92000000000000000	17.66400000000000000
154.74000000000000000	17.73800000000000000
158.58000000000000000	17.81200000000000000
162.47000000000000000	17.88600000000000000
166.39000000000000000	17.96000000000000000
170.34000000000000000	18.03400000000000000
174.33000000000000000	18.10800000000000000
178.34000000000000000	18.18200000000000000
182.39000000000000000	18.25400000000000000
186.48000000000000000	18.32600000000000000
190.59000000000000000	18.39600000000000000
194.73000000000000000	18.46600000000000000
198.91000000000000000	18.53500000000000000
203.11000000000000000	18.60300000000000000
207.34000000000000000	18.66900000000000000
211.60000000000000000	18.73400000000000000
215.89000000000000000	18.79700000000000000
220.20000000000000000	18.85900000000000000
224.54000000000000000	18.91900000000000000
228.90000000000000000	18.97800000000000000
233.29000000000000000	19.03500000000000000
237.70000000000000000	19.09200000000000000
242.14000000000000000	19.14800000000000000
246.60000000000000000	19.20200000000000000
251.08000000000000000	19.25600000000000000
255.58000000000000000	19.30800000000000000
260.10000000000000000	19.35900000000000000
264.64000000000000000	19.40800000000000000
269.20000000000000000	19.45600000000000000
273.78000000000000000	19.50300000000000000
278.38000000000000000	19.54800000000000000
283.00000000000000000	19.59300000000000000
287.63000000000000000	19.63600000000000000
292.27000000000000000	19.67800000000000000
296.94000000000000000	19.71900000000000000
301.61000000000000000	19.75800000000000000
306.30000000000000000	19.79600000000000000
311.01000000000000000	19.83200000000000000
315.72000000000000000	19.86500000000000000
320.45000000000000000	19.89700000000000000
325.19000000000000000	19.92700000000000000
329.93000000000000000	19.95500000000000000
334.69000000000000000	19.98100000000000000
339.46000000000000000	20.00400000000000000
344.23000000000000000	20.02600000000000000
349.01000000000000000	20.04600000000000000
353.80000000000000000	20.06400000000000000
358.59000000000000000	20.08000000000000000
363.39000000000000000	20.09400000000000000
368.19000000000000000	20.10600000000000000
373.00000000000000000	20.11600000000000000
377.81000000000000000	20.12300000000000000
382.62000000000000000	20.12900000000000000
387.43000000000000000	20.13200000000000000
392.24000000000000000	20.13300000000000000
