0.04421500000000000	0.04423100000000000
0.17685000000000000	0.17699000000000000
0.39789000000000000	0.39816000000000000
0.70730000000000000	0.70750000000000000
1.10500000000000000	1.10460000000000000
1.59100000000000000	1.58860000000000000
2.16520000000000000	2.15730000000000000
2.82750000000000000	2.80610000000000000
3.57780000000000000	3.52720000000000000
4.41600000000000000	4.30780000000000000
5.34190000000000000	5.13070000000000000
6.35550000000000000	5.97480000000000000
7.45650000000000000	6.81740000000000000
8.64490000000000000	7.63750000000000000
9.92040000000000000	8.41770000000000000
11.28300000000000000	9.14550000000000000
12.73200000000000000	9.81420000000000000
14.26800000000000000	10.42100000000000000
15.89000000000000000	10.96800000000000000
17.59700000000000000	11.45800000000000000
19.39100000000000000	11.89500000000000000
21.27000000000000000	12.28700000000000000
23.23500000000000000	12.63600000000000000
25.28400000000000000	12.95000000000000000
27.41800000000000000	13.23300000000000000
29.63700000000000000	13.48900000000000000
31.93900000000000000	13.72200000000000000
34.32500000000000000	13.93500000000000000
36.79400000000000000	14.13100000000000000
39.34600000000000000	14.31300000000000000
41.98100000000000000	14.48200000000000000
44.69800000000000000	14.64000000000000000
47.49600000000000000	14.78900000000000000
50.37600000000000000	14.93100000000000000
53.33600000000000000	15.06600000000000000
56.37700000000000000	15.19600000000000000
59.49800000000000000	15.32100000000000000
62.69800000000000000	15.44200000000000000
65.97700000000000000	15.56000000000000000
69.33500000000000000	15.67400000000000000
72.77100000000000000	15.78600000000000000
76.28400000000000000	15.89600000000000000
79.87400000000000000	16.00300000000000000
83.54100000000000000	16.11000000000000000
87.28300000000000000	16.21400000000000000
91.10100000000000000	16.31700000000000000
94.99400000000000000	16.41800000000000000
98.96000000000000000	16.51800000000000000
103.00000000000000000	16.61600000000000000
107.11000000000000000	16.71300000000000000
111.30000000000000000	16.80800000000000000
115.56000000000000000	16.90200000000000000
119.88000000000000000	16.99500000000000000
124.28000000000000000	17.08700000000000000
128.75000000000000000	17.17900000000000000
133.29000000000000000	17.26900000000000000
137.89000000000000000	17.35800000000000000
142.57000000000000000	17.44600000000000000
147.31000000000000000	17.53300000000000000
152.11000000000000000	17.62000000000000000
156.98000000000000000	17.70500000000000000
161.92000000000000000	17.78900000000000000
166.92000000000000000	17.87300000000000000
171.99000000000000000	17.95600000000000000
177.11000000000000000	18.03800000000000000
182.30000000000000000	18.12000000000000000
187.55000000000000000	18.20200000000000000
192.86000000000000000	18.28200000000000000
198.23000000000000000	18.36200000000000000
203.65000000000000000	18.44100000000000000
209.14000000000000000	18.52000000000000000
214.68000000000000000	18.59800000000000000
220.28000000000000000	18.67600000000000000
225.93000000000000000	18.75400000000000000
231.64000000000000000	18.83100000000000000
237.40000000000000000	18.90700000000000000
243.22000000000000000	18.98200000000000000
249.08000000000000000	19.05600000000000000
255.00000000000000000	19.12800000000000000
260.97000000000000000	19.19900000000000000
266.98000000000000000	19.26900000000000000
273.05000000000000000	19.33800000000000000
279.16000000000000000	19.40600000000000000
285.32000000000000000	19.47300000000000000
291.52000000000000000	19.53900000000000000
297.77000000000000000	19.60400000000000000
304.06000000000000000	19.66800000000000000
310.39000000000000000	19.73100000000000000
316.77000000000000000	19.79400000000000000
323.19000000000000000	19.85500000000000000
329.64000000000000000	19.91600000000000000
336.14000000000000000	19.97600000000000000
342.67000000000000000	20.03500000000000000
349.24000000000000000	20.09300000000000000
355.84000000000000000	20.14900000000000000
362.48000000000000000	20.20400000000000000
369.16000000000000000	20.25800000000000000
375.87000000000000000	20.31100000000000000
382.60000000000000000	20.36400000000000000
389.37000000000000000	20.41500000000000000
396.17000000000000000	20.46400000000000000
403.00000000000000000	20.51300000000000000
409.86000000000000000	20.56100000000000000
416.74000000000000000	20.60800000000000000
423.65000000000000000	20.65300000000000000
430.58000000000000000	20.69800000000000000
437.54000000000000000	20.74100000000000000
444.52000000000000000	20.78400000000000000
451.52000000000000000	20.82600000000000000
458.54000000000000000	20.86600000000000000
465.58000000000000000	20.90500000000000000
472.64000000000000000	20.94300000000000000
479.71000000000000000	20.97900000000000000
486.81000000000000000	21.01300000000000000
493.91000000000000000	21.04600000000000000
501.04000000000000000	21.07600000000000000
508.17000000000000000	21.10500000000000000
515.32000000000000000	21.13100000000000000
522.47000000000000000	21.15600000000000000
529.64000000000000000	21.17800000000000000
536.81000000000000000	21.19800000000000000
544.00000000000000000	21.21500000000000000
551.19000000000000000	21.23000000000000000
558.38000000000000000	21.24200000000000000
565.58000000000000000	21.25100000000000000
572.78000000000000000	21.25800000000000000
579.99000000000000000	21.26200000000000000
587.19000000000000000	21.26300000000000000
